int
0
0
0
0
0
0
0
0
0
0
0
0
0
0
0
0
1203
1072
1113
1850
0
0
0
0
0
0
0
1215
0
0
0
0
0
0
0
1188
1109
1846
1199
0
0
0
0
0
0
0
0
0
0
1195
0
0
0
1184
1105
1842
0
0
0
0
1151
0
0
0
0
0
0
0
0
0
0
1180
1101
1818
1147
0
0
0
0
0
0
0
0
0
0
1143
0
0
0
1176
1097
1814
0
0
0
0
1059
0
0
0
0
0
0
0
0
0
0
1172
1225
1810
1055
0
0
0
0
0
0
0
0
0
0
1051
0
0
0
1168
1093
1038
0
0
0
0
1071
0
0
0
0
0
0
0
0
0
0
1164
1089
1138
1067
0
0
0
0
0
0
0
0
0
0
1063
0
0
0
1160
1085
1134
0
0
0
0
1223
0
0
0
0
0
0
0
0
0
0
1156
1209
1130
1219
1275
1271
1267
1263
1259
1255
1251
1247
1243
1239
1235
1231
1127
1123
1152
1205
1034
1119
0
0
0
0
0
0
0
0
0
0
0
0
0
0
1044
1081
1030
0
0
0
0
0
0
0
0
0
0
0
0
0
0
0
1040
1077
3074
0
0
0
0
0
0
0
0
0
0
0
0
0
0
0
0
0
1112
1045
0
1106
1095
0
0
0
0
0
0
0
0
0
0
0
0
0
1108
1041
0
0
0
0
1174
1091
0
0
0
0
0
0
0
0
0
0
1208
1037
0
0
0
0
0
0
0
1170
1087
0
0
0
0
0
0
0
1204
1189
0
0
0
0
0
0
0
0
0
0
1166
1819
0
0
0
1200
0
1185
0
0
0
0
0
0
0
0
1212
0
0
0
0
1162
1815
0
0
1181
0
1196
0
0
0
0
0
0
0
0
0
0
1192
0
0
0
1158
1177
1811
0
0
0
0
1148
0
0
0
0
0
0
0
0
0
0
1144
1033
0
1154
0
1083
0
0
0
0
0
1140
0
0
0
0
0
0
0
1029
0
0
1068
0
1102
0
1127
0
0
0
0
0
0
1064
0
0
0
1025
0
0
0
0
0
0
1060
1098
0
1123
0
0
0
0
0
0
0
1056
1137
0
0
0
0
0
0
1850
0
0
1052
0
1119
0
0
0
0
0
1133
0
0
1048
0
0
0
1846
0
0
0
0
0
0
1220
1079
0
0
1225
0
0
0
0
0
0
1216
1272
1268
1264
1260
1256
1252
1248
1244
1240
1236
1232
1228
1129
1842
3123
0
0
0
0
0
0
0
0
0
0
0
0
0
0
0
0
0
1819
0
0
0
0
0
0
0
1184
1241
1850
0
0
0
0
0
0
0
1815
0
0
0
0
0
0
0
0
0
0
0
0
0
0
0
1180
1237
1846
1811
0
0
0
0
0
0
0
0
0
0
0
0
0
0
0
0
0
1107
0
0
0
0
1176
1233
1842
0
0
0
0
0
0
0
0
0
0
1103
0
0
0
0
0
0
0
0
0
0
0
0
1044
1229
1130
0
0
1099
0
0
0
0
0
0
0
0
0
0
0
0
0
0
0
0
0
1095
0
0
1040
1225
1070
0
0
0
0
0
0
0
0
0
0
0
0
1091
0
0
0
0
0
0
0
0
0
0
1036
1221
1066
0
0
0
0
1087
0
0
0
0
0
0
0
0
0
0
0
0
0
0
0
0
0
1175
1032
1217
1062
0
0
0
0
0
0
0
0
0
0
0
0
0
0
1171
0
0
0
0
0
0
0
0
1028
1213
1114
0
0
0
0
0
0
1167
0
0
0
0
0
0
0
0
0
0
0
0
0
0
0
0
1024
1209
1110
1163
0
0
0
0
0
0
0
0
0
0
0
0
0
0
0
0
0
1159
0
0
0
0
1148
1205
1058
0
0
0
0
0
0
0
0
0
0
1155
0
0
0
0
0
0
0
0
0
0
0
0
1144
1201
1054
0
0
1083
0
0
0
0
0
0
0
0
0
0
0
0
0
0
0
0
0
1079
0
0
1140
1197
1050
0
0
0
0
0
0
0
0
0
0
0
0
1075
1275
1271
1267
1263
1259
1255
1127
1123
1119
0
1136
1193
1250
0
0
0
0
0
0
0
0
0
0
0
0
0
0
0
0
0
0
0
0
0
0
0
1132
1189
3294
0
0
0
0
0
0
0
0
0
0
0
0
0
0
0
0
0
0
0
0
1094
0
0
0
0
1236
1849
1179
0
0
0
0
0
0
0
0
0
0
0
0
0
1090
0
0
0
0
0
0
0
0
0
1232
1845
1047
0
0
0
0
0
0
0
0
1086
0
0
0
0
0
0
0
0
0
0
0
0
0
0
1228
1841
1043
0
0
0
1082
0
0
0
0
0
0
0
0
0
0
0
0
0
0
0
0
0
0
0
1224
1137
1078
1039
0
0
0
0
0
0
0
0
0
0
0
0
0
0
0
0
0
0
0
1074
0
0
1220
1133
0
1035
0
0
0
0
0
0
0
0
0
0
0
0
0
0
1174
0
0
0
0
0
0
0
1216
1129
0
1031
0
0
0
0
0
0
0
0
0
1170
0
0
0
0
0
0
0
0
0
0
0
0
1052
1069
0
1027
0
0
0
0
1166
0
0
0
0
0
0
0
0
0
0
0
0
0
0
0
0
0
1208
1065
0
1162
1151
0
0
0
0
0
0
0
0
0
0
0
0
0
0
0
0
0
0
0
1158
0
1204
1061
0
0
1147
0
0
0
0
0
0
0
0
0
0
0
0
0
0
1154
0
0
0
0
0
0
1048
1113
0
0
1143
0
0
0
0
0
0
0
0
0
1126
0
0
0
0
0
0
0
0
0
0
0
1196
1109
0
1203
0
0
0
0
0
1122
0
0
0
0
0
0
0
0
0
0
0
0
0
0
0
0
1192
1057
1215
0
1118
0
0
0
0
0
0
0
0
0
0
0
0
0
0
0
0
0
0
1819
0
1106
1188
1249
0
0
0
0
0
0
0
0
0
0
0
0
0
0
0
0
1815
0
1102
0
0
0
0
0
1184
1245
0
0
0
0
0
0
0
0
0
0
0
1811
0
1098
1274
1270
1266
1262
1258
1254
0
0
0
0
1180
3289
0
0
0
0
0
0
0
0
0
0
0
0
0
0
0
0
0
1114
0
0
0
0
0
0
0
1068
1149
1091
0
0
0
0
0
0
0
1110
0
0
0
0
0
0
0
0
0
0
0
0
0
0
0
1064
1145
1046
1087
0
0
0
0
0
0
0
0
0
0
0
0
0
0
0
0
1042
0
0
0
0
0
1060
1141
0
1083
0
0
0
0
0
0
0
0
1226
0
0
0
0
0
0
0
0
0
0
0
0
0
1056
1817
0
1175
1210
0
0
0
0
0
0
0
0
0
0
0
0
0
0
0
0
0
1206
0
0
0
1052
1813
0
1171
0
0
0
0
0
0
0
0
0
0
1038
0
0
0
0
0
0
0
0
0
0
0
1220
1809
0
1167
0
0
1190
0
0
0
0
0
0
0
0
0
0
0
0
0
0
0
0
0
1186
0
1216
1273
0
1163
0
0
0
0
0
0
0
0
0
0
0
0
1182
0
0
0
0
0
0
0
0
0
1048
1269
0
1159
0
0
0
0
1178
0
0
0
0
0
0
0
0
0
0
0
0
0
0
0
0
0
1104
1265
1138
1155
0
0
0
0
0
0
0
0
0
0
0
0
0
0
0
0
1134
0
0
0
0
0
1100
1261
1215
0
0
0
0
0
0
0
0
0
1130
0
0
0
0
0
0
0
1851
0
0
0
0
0
1096
1257
0
0
1034
0
0
0
0
0
0
0
1847
0
0
0
0
0
0
0
1202
1250
1246
1242
1238
1234
1196
1253
1230
1126
1122
1118
1843
0
0
0
0
0
0
0
0
0
0
0
0
0
0
0
0
0
1031
0
1192
1077
0
0
0
0
0
0
0
0
0
0
0
0
0
0
1027
0
0
0
0
0
0
0
0
0
1092
3121
0
0
0
0
0
0
0
0
0
0
0
0
0
0
0
0
0
1846
0
0
0
0
0
0
0
0
0
0
1120
1141
1079
0
0
0
0
1842
0
0
0
0
0
0
0
0
0
0
0
0
0
0
0
0
0
1046
0
0
0
1116
1065
1075
0
0
0
0
0
0
0
0
0
0
0
1042
0
0
0
0
0
0
0
0
0
0
0
0
0
0
1052
1061
1071
1038
0
0
0
0
0
0
0
0
0
0
0
0
0
0
0
0
0
1034
0
0
0
0
0
0
0
1048
1817
1175
0
0
0
0
0
0
0
1030
0
0
0
0
0
0
0
0
0
0
0
0
0
0
0
0
0
1026
1104
1813
1171
0
0
0
0
0
0
0
0
0
0
0
0
0
0
1226
0
0
0
0
0
0
0
0
0
0
0
1100
1809
1167
0
0
0
1210
0
0
0
0
0
0
0
0
0
0
0
0
0
0
0
0
0
1206
0
0
0
0
1216
1273
1163
0
0
0
0
0
0
0
0
0
0
1202
0
0
0
0
0
0
0
0
0
0
0
0
0
0
0
1096
1269
1190
1159
0
0
0
0
0
0
0
0
0
0
0
0
0
0
0
0
1186
0
0
0
0
0
0
0
0
1092
1265
0
1155
0
0
0
0
0
1182
0
0
0
0
0
0
0
0
0
0
0
0
0
0
0
0
0
1178
0
1088
1261
0
1151
0
0
0
0
0
0
0
0
0
0
0
0
1138
0
0
0
0
0
0
0
0
0
0
0
0
1084
1257
0
1147
0
1134
0
0
0
0
0
0
0
0
0
0
0
0
0
0
0
0
0
1130
0
0
0
0
0
1196
1253
1223
0
0
0
0
0
0
0
0
0
1114
0
0
0
0
0
0
0
0
0
0
0
0
0
0
0
0
1192
1057
1110
1250
1246
1242
1238
1234
1230
1215
0
0
0
0
0
0
0
0
0
0
0
0
0
0
0
0
0
1851
0
1080
3173
0
0
0
0
0
0
0
0
0
0
0
0
0
0
0
0
0
0
0
0
0
0
0
0
0
0
0
0
0
0
0
0
0
0
0
0
0
0
0
0
1160
1229
1850
1095
0
0
0
0
0
0
0
0
0
0
0
0
0
0
0
0
0
0
0
0
0
0
0
0
0
0
0
0
0
0
0
0
0
0
0
0
0
1156
1225
1846
1091
0
0
0
0
0
0
0
0
0
0
0
0
0
0
0
0
0
0
0
0
0
0
0
0
0
0
0
0
0
0
0
0
0
0
0
0
0
1152
1221
1842
1087
0
0
0
0
0
0
0
0
0
0
0
0
0
0
0
0
0
0
0
0
0
0
0
0
0
0
0
0
0
0
0
0
0
0
0
0
0
1148
1217
1818
1083
0
0
0
0
0
0
0
0
0
0
0
0
0
0
0
0
0
0
0
0
0
0
0
0
0
0
0
0
0
0
0
0
0
0
0
0
0
1144
1045
1814
1079
0
0
0
0
0
0
0
0
0
0
0
0
0
0
0
0
0
0
0
0
0
0
0
0
0
0
0
0
0
0
0
0
0
0
0
0
0
1140
1041
1810
1075
0
0
0
0
0
0
0
0
0
0
0
0
0
0
0
0
0
0
0
0
0
0
0
0
0
0
0
0
0
0
0
0
0
0
0
0
0
1136
1205
1274
1071
0
0
0
0
0
0
0
0
0
0
0
0
0
0
0
0
0
0
0
0
0
0
0
0
0
0
0
0
0
0
0
0
0
0
0
0
0
1132
1037
1270
1067
0
0
0
0
0
0
0
0
0
0
0
0
0
0
0
0
0
0
0
0
0
0
0
0
0
0
0
0
0
0
0
0
0
0
0
0
0
1128
1197
1266
1063
0
0
0
0
0
0
0
0
0
0
0
0
0
0
0
0
0
0
0
0
0
0
0
0
0
0
0
0
0
0
0
0
0
0
0
0
0
1032
1193
1262
1059
0
0
0
0
0
0
0
0
0
0
0
0
0
0
0
0
0
0
0
0
0
0
0
0
0
0
0
0
0
0
0
0
0
0
0
0
0
1028
1189
1258
1055
0
0
0
0
0
0
0
0
0
0
0
0
0
0
0
0
0
0
0
0
0
0
0
0
0
0
0
0
0
0
0
0
0
0
0
0
0
1024
1185
1254
1051
0
0
0
0
0
0
0
0
0
0
0
0
0
0
0
0
0
0
0
0
0
0
0
0
0
0
0
0
0
0
0
0
0
0
0
0
0
1112
1181
1250
1215
0
0
0
0
0
0
0
0
0
0
0
0
0
0
0
0
0
0
0
0
0
0
0
0
0
0
0
0
0
0
0
0
0
0
0
0
0
1108
1177
1246
1211
0
0
0
0
0
0
0
0
0
0
0
0
0
0
0
0
0
0
0
0
0
0
0
0
0
0
0
0
0
0
0
0
0
0
0
0
0
1104
1173
1242
1203
1127
1123
1119
0
0
0
0
0
0
0
0
0
0
0
0
0
0
0
0
0
0
0
0
0
0
0
0
0
0
0
0
0
0
0
0
0
0
1100
1169
1238
0
0
0
0
0
0
0
0
0
0
0
0
0
0
0
0
0
0
0
0
0
0
0
0
0
0
0
0
0
0
0
0
0
0
0
0
0
0
1096
1165
3282
0
0
0
0
0
0
0
0
0
0
0
0
0
0
0
0
0
0
0
0
0
0
0
0
0
0
0
0
0
0
0
0
0
0
0
0
0
0
0
0
0
0
0
1092
1161
1230
1851
0
0
0
0
0
0
0
0
0
0
0
0
0
0
0
0
0
0
0
0
0
0
0
0
0
0
0
0
0
0
0
0
0
0
0
0
0
0
0
0
1088
1157
1226
1847
0
0
0
0
0
0
0
0
0
0
0
0
0
0
0
0
0
0
0
0
0
0
0
0
0
0
0
0
0
0
0
0
0
0
0
0
0
0
0
0
1084
1153
1222
1843
0
0
0
0
0
0
0
0
0
0
0
0
0
0
0
0
0
0
0
0
0
0
0
0
0
0
0
0
0
0
0
0
0
0
0
0
0
0
0
0
1080
1149
1218
1819
0
0
0
0
0
0
0
0
0
0
0
0
0
0
0
0
0
0
0
0
0
0
0
0
0
0
0
0
0
0
0
0
0
0
0
0
0
0
0
0
1076
1145
1026
1815
0
0
0
0
0
0
0
0
0
0
0
0
0
0
0
0
0
0
0
0
0
0
0
0
0
0
0
0
0
0
0
0
0
0
0
0
0
0
0
0
1072
1141
1210
1811
0
0
0
0
0
0
0
0
0
0
0
0
0
0
0
0
0
0
0
0
0
0
0
0
0
0
0
0
0
0
0
0
0
0
0
0
0
0
0
0
1068
1137
1206
1275
0
0
0
0
0
0
0
0
0
0
0
0
0
0
0
0
0
0
0
0
0
0
0
0
0
0
0
0
0
0
0
0
0
0
0
0
0
0
0
0
1064
1133
1202
1271
0
0
0
0
0
0
0
0
0
0
0
0
0
0
0
0
0
0
0
0
0
0
0
0
0
0
0
0
0
0
0
0
0
0
0
0
0
0
0
0
1060
1129
1198
1267
0
0
0
0
0
0
0
0
0
0
0
0
0
0
0
0
0
0
0
0
0
0
0
0
0
0
0
0
0
0
0
0
0
0
0
0
0
0
0
0
1056
1125
1194
1263
0
0
0
0
0
0
0
0
0
0
0
0
0
0
0
0
0
0
0
0
0
0
0
0
0
0
0
0
0
0
0
0
0
0
0
0
0
0
0
0
1052
1121
1190
1259
0
0
0
0
0
0
0
0
0
0
0
0
0
0
0
0
0
0
0
0
0
0
0
0
0
0
0
0
0
0
0
0
0
0
0
0
0
0
0
0
1048
1117
1186
1255
0
0
0
0
0
0
0
0
0
0
0
0
0
0
0
0
0
0
0
0
0
0
0
0
0
0
0
0
0
0
0
0
0
0
0
0
0
0
0
0
1044
1113
1182
1251
0
0
0
0
0
0
0
0
0
0
0
0
0
0
0
0
0
0
0
0
0
0
0
0
0
0
0
0
0
0
0
0
0
0
0
0
0
0
0
0
1040
1109
1178
1247
0
0
0
0
0
0
0
0
0
0
0
0
0
0
0
0
0
0
0
0
0
0
0
0
0
0
0
0
0
0
0
0
0
0
0
0
0
0
0
0
1036
1105
1174
1243
0
0
0
0
0
0
0
0
0
0
0
0
0
0
0
0
0
0
0
0
0
0
0
0
0
0
0
0
0
0
0
0
0
0
0
0
0
0
0
0
1032
1101
1170
1239
0
0
0
0
0
0
0
0
0
0
0
0
0
0
0
0
0
0
0
0
0
0
0
0
0
0
0
0
0
0
0
0
0
0
0
0
0
0
0
0
1028
1097
1166
1235
0
0
0
0
0
0
0
0
0
0
0
0
0
0
0
0
0
0
0
0
0
0
0
0
0
0
0
0
0
0
0
0
0
0
0
0
0
0
3260
0
0
0
0
0
0
0
0
0
0
0
0
0
0
0
0
0
0
0
0
0
0
0
0
0
0
0
0
0
0
0
0
0
0
0
0
0
0
0
0
0
0
0
0
0
0
0
0
0
0
0
0
0
0
0
0
0
0
0
0
0
0
0
0
0
0
0
0
0
0
0
0
0
0
0
0
0
0
0
0
0
0
0
0
0
0
0
0
0
0
0
0
0
0
0
0
0
0
0
0
0
0
0
0
0
0
0
0
0
0
0
0
0
0
0
0
0
0
0
0
0
0
0
0
0
0
0
0
0
0
0
0
0
0
0
0
0
0
0
0
0
0
0
0
0
0
0
0
0
0
0
0
0
0
0
0
0
0
0
0
0
0
0
0
0
0
0
0
0
0
0
0
0
0
0
0
0
0
0
0
0
0
0
0
0
0
0
0
0
0
0
0
0
0
0
0
0
0
0
0
0
0
0
0
0
0
0
0
0
0
0
0
0
0
0
0
0
0
0
0
0
0
0
0
0
0
0
0
0
0
0
0
0
0
0
0
0
0
0
0
0
0
0
0
0
0
0
0
0
0
0
0
0
0
0
0
0
0
0
0
0
0
0
0
0
0
0
0
0
0
0
0
0
0
0
0
0
0
0
0
0
0
0
0
0
0
0
0
0
0
0
0
0
0
0
0
0
0
0
0
0
0
0
0
0
0
0
0
0
0
0
0
0
0
0
0
0
0
0
0
0
0
0
0
0
0
0
0
0
0
0
0
0
0
0
0
0
0
0
0
0
0
0
0
0
0
0
0
0
0
0
0
0
0
0
0
0
0
0
0
0
0
0
0
0
0
0
0
0
0
0
0
0
0
0
0
0
0
0
0
0
0
0
0
0
0
0
0
0
0
0
0
0
0
0
0
0
0
0
0
0
0
0
0
0
0
0
0
0
0
0
0
0
0
0
0
0
0
0
0
0
0
0
0
0
0
0
0
0
0
0
0
0
0
0
0
0
0
0
0
0
0
0
0
0
0
0
0
0
0
0
0
0
0
0
0
0
0
0
0
0
0
0
0
0
0
0
0
0
0
0
0
0
0
0
0
0
0
0
0
0
0
0
0
0
0
0
0
0
0
0
0
0
0
0
0
0
0
0
0
0
0
0
0
0
0
0
0
0
0
0
0
0
0
0
0
0
0
0
0
0
0
0
0
0
0
0
0
0
0
0
0
0
0
0
0
0
0
0
0
0
0
0
0
0
0
0
0
0
0
0
0
0
0
0
0
0
0
0
0
0
0
0
0
0
0
0
0
0
0
0
0
0
0
0
0
0
0
0
0
0
0
0
0
