int
0
0
0
0
0
0
0
0
0
1205
0
0
0
1200
0
0
0
1041
1154
1835
0
0
0
0
1052
1813
0
0
0
0
0
0
0
1809
0
1164
1150
1831
0
0
0
1109
0
0
0
0
1160
0
0
1797
0
0
0
0
1146
1827
0
1228
1793
0
0
0
0
0
0
0
1225
0
1132
0
0
0
1142
1087
1221
0
0
0
0
1128
0
0
1189
0
0
0
0
0
0
0
1216
1185
1138
1083
0
0
0
0
0
1181
0
1212
0
0
0
0
0
1177
0
0
1026
1079
1208
0
0
1105
0
0
0
0
0
0
0
1124
1101
0
0
0
1094
1075
0
0
1097
0
1048
0
0
0
0
0
1037
0
0
0
0
1068
1817
1090
1035
0
0
0
1801
0
0
0
1064
0
1173
0
0
0
0
1194
1169
0
1031
1060
0
0
1045
1277
1273
1269
1265
1261
1257
1253
1056
1249
1245
1241
1237
1233
1121
1117
1113
1198
3207
0
0
0
0
0
0
0
0
0
0
1051
0
0
0
0
0
0
0
0
0
1080
1089
1834
1071
0
0
0
0
0
0
0
0
0
1207
0
0
0
1193
0
0
0
1076
1103
1830
0
0
0
0
0
0
1815
1197
0
0
0
0
0
0
1811
0
0
0
1120
0
1826
1201
1099
0
0
0
0
0
0
0
1799
0
1065
0
0
0
0
0
1795
1116
0
1158
0
1165
0
0
1227
0
0
0
0
0
0
0
1161
1223
0
0
0
0
1112
0
1154
1191
0
1229
0
0
0
0
0
1187
0
0
0
0
1133
0
0
1183
0
1072
0
1150
0
0
0
1129
1179
0
0
0
0
0
0
0
1039
0
1217
0
0
0
1032
0
1146
1043
0
0
0
1213
0
0
0
1111
0
0
0
0
0
0
1209
1107
0
1028
0
1142
0
1819
0
0
0
1125
0
1803
0
0
0
0
0
1175
0
0
1061
0
1024
1171
1138
0
0
0
0
1047
1279
1057
1275
1271
1267
1263
1259
1255
1251
1247
1243
1239
1053
1092
1235
3134
0
0
0
0
0
0
0
0
0
0
0
0
0
0
0
0
0
0
0
0
0
0
0
0
0
0
0
0
1207
1192
1253
1134
0
0
0
0
0
0
0
0
0
0
0
0
0
0
1835
0
0
0
0
0
0
0
0
0
0
0
0
1188
1249
1130
0
0
1831
0
0
0
0
0
0
0
0
0
0
0
0
0
0
0
0
0
1827
0
0
0
0
0
0
1184
1245
1126
0
0
0
0
0
0
0
0
1095
0
0
0
0
0
0
0
0
0
0
0
0
0
0
0
0
0
1091
1180
1241
1818
0
0
0
0
0
0
0
0
0
0
0
0
0
0
1087
0
0
0
0
0
0
0
0
0
0
0
0
1176
1237
1814
0
0
1083
0
0
0
0
0
0
0
0
0
0
0
0
0
0
0
0
0
1079
0
0
0
0
0
0
1172
1233
1810
0
0
0
0
0
0
0
0
1075
0
0
0
0
0
0
0
0
0
0
0
0
0
0
0
0
0
1159
1168
1229
1802
0
0
0
0
0
0
0
0
0
0
0
0
0
0
1155
0
0
0
0
0
0
0
0
0
0
0
0
1164
1225
1798
0
0
1151
0
0
0
0
0
0
0
0
0
0
0
0
0
0
0
0
0
1147
0
0
0
0
0
0
1160
1221
1794
0
0
0
0
0
0
0
0
1143
0
0
0
0
0
0
0
0
0
0
0
0
0
0
0
0
0
1139
1056
1217
1070
0
0
0
0
0
0
0
0
0
0
0
0
0
0
1035
0
0
0
0
0
0
0
0
0
0
0
0
1052
1213
1066
0
0
1031
0
0
0
0
0
0
0
0
0
0
0
0
0
0
0
0
0
1027
1279
1275
1271
1267
1263
1259
1048
1209
1062
1123
1119
1115
0
0
0
0
0
0
0
0
0
0
0
0
0
0
0
0
0
0
0
0
0
0
0
0
1044
1097
1110
0
0
0
0
0
0
0
0
0
0
0
0
0
0
0
0
0
0
0
0
0
0
0
0
0
0
0
1040
1201
1106
0
0
0
0
0
0
0
0
0
0
0
0
0
0
0
0
0
0
0
0
0
0
0
0
0
0
0
1036
1197
3150
0
0
0
0
0
0
0
0
0
0
0
0
0
0
0
0
0
0
0
0
0
0
0
0
0
0
0
0
1204
1097
1254
1039
0
0
0
0
0
0
0
0
0
0
0
0
0
0
0
0
0
1832
0
0
0
0
0
0
0
0
0
1189
1250
1135
0
0
0
0
0
0
0
0
1828
0
0
0
0
0
0
0
0
0
0
0
0
0
0
0
0
0
0
1185
1246
1824
1131
0
0
0
0
0
0
0
0
0
0
0
0
0
0
0
0
0
0
0
1080
0
0
0
0
0
0
1181
1242
0
1819
0
0
0
0
0
0
0
0
0
0
1076
0
0
0
0
0
0
0
0
0
0
0
0
0
0
0
1177
1238
0
1815
0
1072
0
0
0
0
0
0
0
0
0
0
0
0
0
0
0
0
0
0
0
0
1032
0
0
0
1173
1234
0
1811
0
0
0
0
0
0
0
0
0
0
0
0
0
1028
0
0
0
0
0
0
0
0
0
0
0
0
1169
1230
0
1803
0
0
0
0
1024
0
0
0
0
0
0
0
0
0
0
0
0
0
0
0
0
0
0
0
0
1156
1165
1226
0
1799
0
0
0
0
0
0
0
0
0
0
0
0
0
0
0
0
1152
0
0
0
0
0
0
0
0
0
1161
1222
0
1795
0
0
0
0
0
0
0
1148
0
0
0
0
0
0
0
0
0
0
0
0
0
0
0
0
0
0
1057
1218
1144
1127
0
0
0
0
0
0
0
0
0
0
0
0
0
0
0
0
0
0
0
1140
0
0
0
0
0
0
1053
1214
0
1071
0
0
0
0
0
0
0
0
0
0
1136
0
0
0
0
0
0
0
0
0
0
0
0
0
0
0
1049
1210
0
1067
0
1120
0
0
0
0
0
0
0
0
0
0
0
0
0
0
0
0
0
0
0
0
1116
0
0
0
1045
1102
0
1063
0
0
0
0
0
0
0
0
0
0
0
0
0
1112
0
0
0
0
0
0
0
0
0
0
0
0
1041
1202
0
1111
0
0
0
0
1092
0
0
0
0
0
0
0
0
0
0
0
0
0
0
0
0
0
0
0
0
1088
1193
1198
0
1107
0
0
0
0
0
0
0
0
0
0
0
0
0
0
0
0
1084
1276
1272
1268
1264
1260
3304
0
0
0
0
0
0
0
0
0
0
0
0
0
0
0
0
0
0
0
0
0
0
0
0
0
1064
1217
1266
1835
0
0
0
0
0
0
0
0
0
0
0
0
0
0
0
0
0
0
0
0
0
0
1164
1033
1262
1831
0
0
0
0
0
0
0
0
0
0
0
0
0
0
0
0
0
0
0
0
0
1212
0
1209
1258
1827
0
0
0
0
0
0
0
0
0
0
0
0
0
0
0
0
0
0
0
0
1204
0
0
1029
1138
1163
0
0
0
0
0
0
0
0
0
0
1192
0
0
0
0
0
0
0
0
0
0
0
0
1025
1200
1134
1159
0
0
0
0
0
0
0
0
0
0
0
1196
0
0
0
0
0
0
0
1180
0
0
1093
0
1130
1155
0
1812
0
0
0
0
0
0
0
1808
0
0
0
0
0
0
0
1176
0
0
0
0
1089
0
1126
1796
1151
0
0
0
0
0
0
1792
0
0
0
0
0
0
0
1104
0
0
0
0
0
0
1085
1100
1062
0
1147
0
0
0
0
1096
0
0
0
0
0
0
0
1036
0
0
0
0
0
0
0
1040
1081
0
1058
0
1143
0
0
1108
0
0
0
0
0
0
0
1224
0
0
0
0
0
0
0
1220
0
0
1077
0
1230
0
1279
1188
0
0
0
0
0
0
0
1184
0
0
0
0
0
1816
0
0
0
0
0
1800
1073
0
1054
0
1275
1172
0
0
0
0
0
1168
0
0
0
0
0
1044
1252
1248
1244
1240
1236
1232
1120
1116
1112
1069
1050
0
3319
0
0
0
0
0
0
0
0
0
0
0
0
0
0
0
0
0
0
0
0
0
0
0
0
0
0
0
0
1208
1261
1834
1159
0
0
0
0
0
0
0
0
0
0
0
0
0
0
0
0
0
0
0
0
0
0
0
0
0
1088
1257
1830
1155
0
0
0
0
0
0
0
0
0
0
0
0
0
0
0
0
0
0
0
0
0
0
0
0
0
1084
1125
1826
1215
0
0
0
0
0
0
0
0
0
0
0
0
0
0
0
0
0
0
0
0
0
0
0
0
0
1080
1121
1150
1207
0
0
0
0
0
0
0
0
0
0
0
0
0
0
0
1195
0
0
0
0
0
0
0
0
0
1076
1117
1146
0
1203
0
0
0
0
0
0
0
0
0
0
0
0
0
1199
0
0
0
0
0
0
0
1183
0
0
1072
1113
1142
0
0
1815
0
0
0
0
0
0
0
1811
0
0
0
0
0
0
0
1179
0
0
0
0
0
0
0
1068
1049
1138
1799
0
0
0
0
0
0
0
1795
0
0
0
0
0
0
0
1039
0
0
0
0
0
0
0
1043
0
1064
1033
1134
0
0
0
1111
0
0
0
0
0
0
0
1107
0
0
0
0
0
0
0
1103
0
0
0
0
0
0
1060
1229
1130
1099
0
0
0
0
0
0
0
1227
0
0
0
0
0
0
0
1223
0
0
0
0
0
0
0
1191
0
1056
1029
1278
0
0
0
1187
0
0
0
0
0
1819
0
0
0
0
0
1803
0
0
0
0
0
1175
0
0
0
0
1052
1025
1274
1171
0
0
0
0
0
1047
1255
1251
1247
1243
1239
1235
0
0
0
0
0
0
0
0
0
0
0
0
0
1164
1217
1270
0
0
0
0
0
0
0
0
0
0
0
0
0
0
0
0
0
0
0
0
0
0
0
0
0
0
1160
1093
3314
0
0
0
0
0
0
0
0
0
0
0
0
0
0
0
0
0
0
0
0
0
0
0
0
0
0
0
0
0
0
0
0
0
0
0
0
0
0
0
0
0
0
0
0
1168
1241
1834
1099
0
0
0
0
0
0
0
0
0
0
0
0
0
0
0
0
0
0
0
0
0
0
0
0
0
0
0
0
0
0
0
0
0
0
0
0
0
0
0
0
0
1164
1237
1830
1095
0
0
0
0
0
0
0
0
0
0
0
0
0
0
0
0
0
0
0
0
0
0
0
0
0
0
0
0
0
0
0
0
0
0
0
0
0
0
0
0
0
1160
1233
1826
1091
0
0
0
0
0
0
0
0
0
0
0
0
0
0
0
0
0
0
0
0
0
0
0
0
0
0
0
0
0
0
0
0
0
0
0
0
0
0
0
0
0
1156
1229
1818
1087
0
0
0
0
0
0
0
0
0
0
0
0
0
0
0
0
0
0
0
0
0
0
0
0
0
0
0
0
0
0
0
0
0
0
0
0
0
0
0
0
0
1152
1225
1814
1083
0
0
0
0
0
0
0
0
0
0
0
0
0
0
0
0
0
0
0
0
0
0
0
0
0
0
0
0
0
0
0
0
0
0
0
0
0
0
0
0
0
1148
1221
1810
1079
0
0
0
0
0
0
0
0
0
0
0
0
0
0
0
0
0
0
0
0
0
0
0
0
0
0
0
0
0
0
0
0
0
0
0
0
0
0
0
0
0
1144
1217
1802
1075
0
0
0
0
0
0
0
0
0
0
0
0
0
0
0
0
0
0
0
0
0
0
0
0
0
0
0
0
0
0
0
0
0
0
0
0
0
0
0
0
0
1140
1213
1798
1071
0
0
0
0
0
0
0
0
0
0
0
0
0
0
0
0
0
0
0
0
0
0
0
0
0
0
0
0
0
0
0
0
0
0
0
0
0
0
0
0
0
1136
1209
1794
1067
0
0
0
0
0
0
0
0
0
0
0
0
0
0
0
0
0
0
0
0
0
0
0
0
0
0
0
0
0
0
0
0
0
0
0
0
0
0
0
0
0
1132
1037
1278
1063
0
0
0
0
0
0
0
0
0
0
0
0
0
0
0
0
0
0
0
0
0
0
0
0
0
0
0
0
0
0
0
0
0
0
0
0
0
0
0
0
0
1128
1201
1274
1059
0
0
0
0
0
0
0
0
0
0
0
0
0
0
0
0
0
0
0
0
0
0
0
0
0
0
0
0
0
0
0
0
0
0
0
0
0
0
0
0
0
1124
1197
1270
1055
0
0
0
0
0
0
0
0
0
0
0
0
0
0
0
0
0
0
0
0
0
0
0
0
0
0
0
0
0
0
0
0
0
0
0
0
0
0
0
0
0
1032
1193
1266
1051
0
0
0
0
0
0
0
0
0
0
0
0
0
0
0
0
0
0
0
0
0
0
0
0
0
0
0
0
0
0
0
0
0
0
0
0
0
0
0
0
0
1028
1189
1262
1047
0
0
0
0
0
0
0
0
0
0
0
0
0
0
0
0
0
0
0
0
0
0
0
0
0
0
0
0
0
0
0
0
0
0
0
0
0
0
0
0
0
1024
1185
1258
1043
0
0
0
0
0
0
0
0
0
0
0
0
0
0
0
0
0
0
0
0
0
0
0
0
0
0
0
0
0
0
0
0
0
0
0
0
0
0
0
0
0
1108
1181
1254
1207
1123
1119
1115
0
0
0
0
0
0
0
0
0
0
0
0
0
0
0
0
0
0
0
0
0
0
0
0
0
0
0
0
0
0
0
0
0
0
0
0
0
0
1104
1177
1250
0
0
0
0
0
0
0
0
0
0
0
0
0
0
0
0
0
0
0
0
0
0
0
0
0
0
0
0
0
0
0
0
0
0
0
0
0
0
0
0
0
0
1100
1173
3294
0
0
0
0
0
0
0
0
0
0
0
0
0
0
0
0
0
0
0
0
0
0
0
0
0
0
0
0
0
0
0
0
0
0
0
0
0
0
0
0
0
0
0
0
0
0
0
1096
1169
1242
1835
0
0
0
0
0
0
0
0
0
0
0
0
0
0
0
0
0
0
0
0
0
0
0
0
0
0
0
0
0
0
0
0
0
0
0
0
0
0
0
0
0
0
0
0
1092
1165
1238
1831
0
0
0
0
0
0
0
0
0
0
0
0
0
0
0
0
0
0
0
0
0
0
0
0
0
0
0
0
0
0
0
0
0
0
0
0
0
0
0
0
0
0
0
0
1088
1161
1234
1827
0
0
0
0
0
0
0
0
0
0
0
0
0
0
0
0
0
0
0
0
0
0
0
0
0
0
0
0
0
0
0
0
0
0
0
0
0
0
0
0
0
0
0
0
1084
1157
1230
1819
0
0
0
0
0
0
0
0
0
0
0
0
0
0
0
0
0
0
0
0
0
0
0
0
0
0
0
0
0
0
0
0
0
0
0
0
0
0
0
0
0
0
0
0
1080
1153
1226
1815
0
0
0
0
0
0
0
0
0
0
0
0
0
0
0
0
0
0
0
0
0
0
0
0
0
0
0
0
0
0
0
0
0
0
0
0
0
0
0
0
0
0
0
0
1076
1149
1222
1811
0
0
0
0
0
0
0
0
0
0
0
0
0
0
0
0
0
0
0
0
0
0
0
0
0
0
0
0
0
0
0
0
0
0
0
0
0
0
0
0
0
0
0
0
1072
1145
1218
1803
0
0
0
0
0
0
0
0
0
0
0
0
0
0
0
0
0
0
0
0
0
0
0
0
0
0
0
0
0
0
0
0
0
0
0
0
0
0
0
0
0
0
0
0
1068
1141
1214
1799
0
0
0
0
0
0
0
0
0
0
0
0
0
0
0
0
0
0
0
0
0
0
0
0
0
0
0
0
0
0
0
0
0
0
0
0
0
0
0
0
0
0
0
0
1064
1137
1210
1795
0
0
0
0
0
0
0
0
0
0
0
0
0
0
0
0
0
0
0
0
0
0
0
0
0
0
0
0
0
0
0
0
0
0
0
0
0
0
0
0
0
0
0
0
1060
1133
1030
1279
0
0
0
0
0
0
0
0
0
0
0
0
0
0
0
0
0
0
0
0
0
0
0
0
0
0
0
0
0
0
0
0
0
0
0
0
0
0
0
0
0
0
0
0
1056
1129
1202
1275
0
0
0
0
0
0
0
0
0
0
0
0
0
0
0
0
0
0
0
0
0
0
0
0
0
0
0
0
0
0
0
0
0
0
0
0
0
0
0
0
0
0
0
0
1052
1125
1198
1271
0
0
0
0
0
0
0
0
0
0
0
0
0
0
0
0
0
0
0
0
0
0
0
0
0
0
0
0
0
0
0
0
0
0
0
0
0
0
0
0
0
0
0
0
1048
1121
1026
1267
0
0
0
0
0
0
0
0
0
0
0
0
0
0
0
0
0
0
0
0
0
0
0
0
0
0
0
0
0
0
0
0
0
0
0
0
0
0
0
0
0
0
0
0
1044
1117
1190
1263
0
0
0
0
0
0
0
0
0
0
0
0
0
0
0
0
0
0
0
0
0
0
0
0
0
0
0
0
0
0
0
0
0
0
0
0
0
0
0
0
0
0
0
0
1040
1113
1186
1259
0
0
0
0
0
0
0
0
0
0
0
0
0
0
0
0
0
0
0
0
0
0
0
0
0
0
0
0
0
0
0
0
0
0
0
0
0
0
0
0
0
0
0
0
1036
1109
1182
1255
0
0
0
0
0
0
0
0
0
0
0
0
0
0
0
0
0
0
0
0
0
0
0
0
0
0
0
0
0
0
0
0
0
0
0
0
0
0
0
0
0
0
0
0
1032
1105
1178
1251
0
0
0
0
0
0
0
0
0
0
0
0
0
0
0
0
0
0
0
0
0
0
0
0
0
0
0
0
0
0
0
0
0
0
0
0
0
0
0
0
0
0
0
1204
0
1101
1174
1247
0
0
0
0
0
0
0
0
0
0
0
0
0
0
0
0
0
0
0
0
0
0
0
0
0
0
0
0
0
0
0
0
0
0
0
0
0
0
0
0
0
0
3240
0
0
0
0
0
0
0
0
0
0
0
0
0
0
0
0
0
0
0
0
0
0
0
0
0
0
0
0
0
0
0
0
0
0
0
0
0
0
0
0
0
0
0
0
0
0
0
0
0
0
0
0
0
0
0
0
0
0
0
0
0
0
0
0
0
0
0
0
0
0
0
0
0
0
0
0
0
0
0
0
0
0
0
0
0
0
0
0
0
0
0
0
0
0
0
0
0
0
0
0
0
0
0
0
0
0
0
0
0
0
0
0
0
0
0
0
0
0
0
0
0
0
0
0
0
0
0
0
0
0
0
0
0
0
0
0
0
0
0
0
0
0
0
0
0
0
0
0
0
0
0
0
0
0
0
0
0
0
0
0
0
0
0
0
0
0
0
0
0
0
0
0
0
0
0
0
0
0
0
0
0
0
0
0
0
0
0
0
0
0
0
0
0
0
0
0
0
0
0
0
0
0
0
0
0
0
0
0
0
0
0
0
0
0
0
0
0
0
0
0
0
0
0
0
0
0
0
0
0
0
0
0
0
0
0
0
0
0
0
0
0
0
0
0
0
0
0
0
0
0
0
0
0
0
0
0
0
0
0
0
0
0
0
0
0
0
0
0
0
0
0
0
0
0
0
0
0
0
0
0
0
0
0
0
0
0
0
0
0
0
0
0
0
0
0
0
0
0
0
0
0
0
0
0
0
0
0
0
0
0
0
0
0
0
0
0
0
0
0
0
0
0
0
0
0
0
0
0
0
0
0
0
0
0
0
0
0
0
0
0
0
0
0
0
0
0
0
0
0
